	V1	V2	V3	V4	V5	V6	V7	V8	V9	V10	V11	V12	V13	V14	V15	V16	V17	V18	V19	V20	V21	V22	V23	V24	V25	V26	V27	V28	V29	V30	V31	V32	V33	V34	V35	V36	V37	V38	V39	V40	V41	V42	V43	V44	V45	V46	V47	V48	V49	V50	V51	V52	V53	V54	V55	V56
1	5859	1139	131	498	20	910	1927	40	903	30	1284	277	10	561	759	802	291	315	453	44	377	65	298	254	5	127	186	348	626	287	392	5	526	231	111	52	275	314	27	754	89	407	234	1332	223	243	80	185	773	1377	239	22	905	236	41	272
2	5425	1887	572	868	1656	789	679	382	1436	482	98	293	450	451	46	513	378	308	117	149	93	141	799	290	389	71	277	221	825	54	531	247	199	410	1426	303	1354	99	52	411	223	370	105	224	154	148	158	959	15	235	5	158	2	183	21	40
3	5673	1869	1143	964	5	1055	586	1255	641	689	454	594	353	1309	254	431	17	117	110	89	27	368	352	36	394	851	296	300	562	241	289	278	412	486	410	91	269	24	222	6	326	71	96	738	248	89	1305	891	32	179	69	236	176	5	139	49
4	5444	1602	1255	607	1124	304	878	856	837	77	445	43	210	107	454	320	16	462	239	139	1539	216	8	463	355	493	1605	1071	471	215	91	239	209	384	1118	476	403	2	751	15	83	242	245	189	34	281	270	221	235	181	82	5	234	87	40	199
5	5444	296	2122	1036	1157	300	40	706	433	933	392	141	387	329	538	7	1628	626	477	1135	446	305	789	412	43	70	100	100	381	217	279	122	546	89	234	212	47	790	301	4	318	485	1379	80	269	254	179	22	215	359	104	2	406	31	195	259
6	6206	1316	1372	717	1899	387	505	632	741	370	533	668	481	247	83	211	282	1252	69	212	409	297	317	5	255	1420	106	297	980	28	246	62	376	82	7	456	201	278	238	69	166	6	252	92	326	240	800	366	15	325	143	32	177	288	397	234
7	5210	1399	1773	2110	810	391	776	226	563	971	420	374	299	1673	268	266	368	347	41	55	451	31	179	272	607	431	274	4	865	91	29	3	348	258	106	1241	136	69	78	289	45	7	259	353	271	94	4	178	355	966	397	325	99	396	143	177
8	5382	1875	674	1286	76	107	884	586	824	543	734	296	142	55	1730	380	254	1379	97	278	550	404	623	38	272	651	356	11	375	9	290	166	105	15	293	267	60	563	417	802	92	70	22	353	182	254	212	219	3	1312	238	90	140	176	3	956
9	5824	1745	1661	629	522	509	246	799	47	264	955	423	1705	342	61	8	170	16	212	446	633	340	1177	561	91	939	528	995	346	269	303	35	69	13	109	105	107	189	241	182	241	3	288	1361	90	338	184	243	235	209	332	397	94	155	5	180
10	6824	1821	685	135	1173	679	522	508	409	1476	1609	287	846	498	88	418	683	246	553	59	349	277	536	334	104	169	292	315	93	4	958	36	880	100	494	71	261	14	3	210	25	159	514	105	253	146	278	178	52	53	771	68	141	354	40	15
11	5641	1889	453	1276	799	1012	844	30	293	709	1459	804	586	554	518	34	360	417	312	382	51	232	213	255	75	289	4	1441	281	132	244	302	306	539	226	15	88	157	5	243	69	188	199	1330	76	34	68	50	962	87	30	222	140	724	234	288
12	5547	1170	1295	1068	487	1152	876	54	21	524	55	513	501	103	1702	479	416	668	498	71	139	308	394	525	1100	224	67	281	1532	237	823	234	218	178	305	30	406	103	1107	6	470	274	2	282	300	290	145	15	184	262	177	18	79	139	13	104
13	5425	1232	1122	926	907	786	691	1669	108	1687	627	1012	349	1262	337	587	439	103	87	269	243	298	383	298	329	35	16	20	799	7	441	264	52	145	369	187	234	294	380	183	43	104	264	50	23	204	238	318	247	5	2	929	394	209	148	391
14	5201	1923	1032	527	1837	437	837	696	262	1769	461	470	418	1407	513	633	414	144	72	358	299	413	231	301	6	25	348	15	237	221	292	311	981	299	362	34	105	477	207	49	242	26	246	91	32	82	791	5	405	275	77	167	50	724	195	139
15	6824	1625	744	550	1005	806	614	1686	440	701	390	744	372	207	1153	124	78	347	326	492	347	114	505	391	862	108	150	100	506	255	358	155	55	73	355	277	257	3	290	949	340	6	192	82	212	217	727	4	234	179	44	49	204	94	234	15
16	5711	1444	1938	1333	755	437	466	710	439	609	289	894	314	405	262	71	124	209	16	565	386	112	297	517	189	1497	432	34	35	468	948	371	276	1373	378	90	742	174	241	54	101	237	216	335	23	180	34	81	13	2	234	235	88	288	5	494
17	5895	1994	943	1598	1253	1275	757	713	490	588	315	651	270	382	367	416	367	180	216	225	314	111	222	462	1443	5	773	53	95	274	280	211	469	103	453	340	72	18	27	83	288	351	963	146	2	273	23	205	15	47	51	210	231	361	69	233
18	5673	1214	755	457	1425	19	606	107	930	741	10	46	500	258	108	9	1505	398	486	229	624	488	346	1501	943	289	297	115	371	270	272	249	123	3	35	451	53	289	200	195	13	93	89	1004	80	154	397	193	46	505	275	217	776	207	240	1292
19	5541	1843	594	900	660	613	273	729	763	453	954	1432	1596	375	354	285	417	39	304	1586	407	368	393	479	217	292	366	204	101	241	364	484	153	99	910	82	81	255	223	49	7	3	20	31	735	105	264	498	46	97	297	234	87	231	15	22
20	5769	1828	798	1074	60	685	496	632	1705	1713	22	125	424	430	337	5	1183	599	274	527	58	557	367	137	486	357	1085	290	789	268	379	34	414	201	251	47	411	275	11	264	417	34	209	24	54	241	341	775	18	143	228	83	15	69	66	87
21	5859	2101	1099	672	563	541	369	1765	1307	303	598	365	379	12	282	345	272	334	463	194	81	17	39	1195	314	378	363	996	290	544	90	210	205	3	123	80	605	792	399	99	235	216	188	239	152	96	254	396	31	70	1319	104	9	23	180	13
22	5201	1931	1008	1629	1749	19	706	332	291	530	96	568	334	103	337	1568	576	1054	475	473	108	464	573	58	39	339	420	3	65	536	1419	33	292	402	809	259	226	137	253	100	51	348	399	184	189	332	69	42	69	240	23	22	148	143	393	4
23	5711	1425	1488	584	464	637	910	112	697	396	79	249	72	535	272	13	640	385	109	399	1419	314	36	26	290	268	499	178	104	305	299	288	182	1402	166	860	93	216	138	588	257	1398	33	4	273	780	70	468	340	2	892	302	273	49	176	6
24	5382	2509	819	1105	705	717	100	50	101	1247	595	480	272	405	367	1669	1167	324	6	109	55	299	195	291	217	873	444	478	1153	421	216	156	485	516	105	259	51	52	15	235	82	743	350	385	87	162	69	445	18	47	4	204	247	326	177	180
25	5712	1148	1199	939	291	1179	492	368	1677	1245	544	484	425	64	174	264	68	865	289	326	392	587	4	247	130	316	1468	110	251	285	198	290	261	184	86	392	258	71	230	51	32	24	421	15	254	203	90	1316	328	516	177	264	5	883	66	13
26	6824	1893	544	2091	860	953	102	615	605	443	44	435	680	110	345	275	74	403	76	353	171	422	613	1231	176	331	492	244	7	219	92	787	232	366	450	196	18	259	5	32	221	81	379	970	320	48	69	217	3	307	774	99	90	234	151	140
27	5541	2023	1137	171	774	873	823	502	441	475	1593	450	1678	1254	96	247	339	338	99	590	385	426	210	202	55	278	164	143	279	84	15	54	291	3	476	271	361	254	291	69	210	6	6	148	194	105	302	20	903	90	56	732	771	503	139	231
28	5415	2122	1055	674	565	835	198	434	558	807	69	163	298	411	648	10	910	412	271	33	43	290	35	160	71	1696	105	193	312	94	59	52	231	460	247	505	279	1164	742	243	284	49	350	1341	180	932	214	504	247	323	356	3	89	15	22	393
29	5547	877	1713	999	613	1939	393	796	595	109	714	681	95	40	436	361	344	445	482	327	351	207	58	291	104	330	300	432	371	86	169	27	302	135	1126	1333	457	52	235	236	31	411	739	88	145	199	335	963	90	22	234	4	769	13	15	5
30	5651	1278	1314	517	1102	1111	668	1526	724	585	115	701	254	1507	620	290	315	453	23	66	429	330	228	426	275	358	337	24	268	2	291	128	189	106	270	354	364	79	235	326	895	181	70	32	149	4	317	394	728	42	106	1293	78	15	22	6
31	5673	1459	1486	979	873	552	1143	81	1540	265	561	53	271	382	463	6	715	1493	1575	511	441	37	377	188	349	431	3	533	289	54	34	211	191	938	92	247	86	215	66	54	250	7	791	249	330	15	232	73	223	69	157	357	179	104	139	79
32	5948	900	1908	1525	1862	785	724	390	121	553	1188	294	657	253	536	451	1210	523	573	350	515	59	295	907	216	72	276	238	890	300	33	170	107	11	153	3	232	357	2	281	486	259	72	101	9	239	18	22	233	15	79	228	104	32	178	228
33	5170	1191	1566	639	701	1735	346	915	571	281	855	326	33	452	703	410	46	432	97	234	201	488	1338	17	902	9	232	1411	346	282	185	297	56	83	187	51	279	284	6	55	238	801	193	211	277	69	414	105	13	2	288	141	351	303	397	956
34	5895	1993	788	1049	856	154	511	95	6	510	512	490	108	37	373	498	252	851	490	678	552	6	370	35	1322	288	203	363	53	850	14	256	224	411	5	50	1407	206	220	327	183	100	182	308	26	220	389	431	165	361	49	411	299	982	498	259
35	5170	2389	2197	1224	948	371	719	571	1472	253	599	645	470	284	62	317	294	378	222	381	359	105	19	33	220	314	170	8	1434	977	85	305	26	61	219	313	473	28	3	389	265	344	793	23	209	105	53	184	41	233	239	240	393	328	199	15
36	5711	2296	1766	445	843	435	320	389	489	363	279	705	335	89	650	467	327	304	407	530	42	334	622	503	191	107	35	222	4	1034	73	8	309	102	7	83	403	233	246	35	1060	261	15	275	158	236	69	376	237	399	107	281	1301	778	724	151
37	5853	1386	1443	821	410	784	1883	831	298	14	785	500	287	568	1287	292	19	340	348	608	435	791	73	338	296	275	293	58	481	190	144	301	202	268	34	230	193	160	240	986	446	141	1359	3	23	2	185	81	232	140	88	200	94	104	4	324
38	5686	1684	144	386	549	1043	610	1014	1114	712	475	1528	610	1550	529	417	307	116	319	58	379	12	1057	35	427	235	205	110	95	245	170	541	145	3	401	244	171	114	479	180	306	151	163	103	44	1330	2	82	315	6	324	288	264	391	69	234
39	5444	163	2203	1100	664	112	985	678	718	75	734	644	1074	606	333	515	19	386	1496	238	5	319	269	1018	174	1556	34	192	326	361	241	53	211	371	188	397	183	217	223	796	33	7	285	14	195	216	275	79	159	141	256	308	49	394	288	151
40	5527	1336	1570	1224	1040	1877	534	565	395	1253	1683	639	636	229	245	822	472	101	77	269	22	498	304	106	1099	216	284	407	377	73	159	7	263	3	85	285	352	426	285	24	245	255	43	397	20	79	231	143	266	5	32	402	21	15	49	199
41	5823	1957	790	1249	946	738	592	563	398	240	530	362	473	122	141	404	390	283	542	6	499	99	16	294	307	519	38	289	10	1492	477	812	294	241	174	460	116	83	347	233	1317	903	333	23	498	6	51	88	152	69	31	93	152	94	288	724
42	5170	1837	1056	695	90	675	593	111	1878	256	779	797	104	700	303	416	78	431	500	10	914	311	253	664	1515	211	373	472	268	247	304	82	32	1056	141	267	1104	163	3	2	251	51	26	69	98	356	55	339	237	726	186	199	18	6	300	393
43	5712	975	1221	1370	2021	427	1156	561	122	578	717	290	724	1623	458	346	1211	151	36	432	280	1077	331	17	94	303	492	270	82	828	21	200	58	286	52	467	58	4	271	103	294	185	349	53	205	23	2	154	232	13	274	32	177	353	260	140
44	5826	767	1482	1042	1026	905	457	441	858	455	86	699	105	255	688	1621	1645	73	242	231	362	404	291	73	161	281	1175	410	29	196	105	7	50	341	226	199	78	226	104	33	928	804	80	454	260	233	337	3	240	182	298	135	6	2	326	228
45	5408	2351	1202	1019	1278	1408	275	1839	1011	406	436	486	616	467	326	383	248	416	1105	403	368	61	155	7	381	180	463	294	293	105	29	121	224	89	37	421	106	372	145	269	13	20	74	517	189	16	822	4	2	288	232	261	87	177	197	69
46	5673	2815	719	1389	845	299	1167	442	812	75	675	1307	484	12	481	597	475	250	360	331	160	367	375	254	167	294	186	33	551	410	314	102	319	488	937	1324	7	357	173	243	184	91	32	250	138	82	4	15	22	225	230	95	23	210	197	104
47	5399	1842	1283	1754	699	54	781	305	695	492	599	1687	1667	340	181	454	331	290	252	240	325	56	18	590	996	331	268	192	189	6	256	93	99	381	286	205	202	208	277	48	98	69	4	294	786	233	2	104	78	273	411	15	153	297	259	724
48	5425	1507	1250	524	624	1657	628	1651	55	347	681	544	1728	483	110	59	19	561	71	284	399	96	361	290	471	241	291	377	109	221	373	292	9	80	260	237	3	270	26	262	961	238	281	798	508	130	729	14	269	192	180	94	6	398	354	143
49	5726	1383	713	570	410	855	1123	1934	1035	291	843	197	251	265	104	481	398	57	121	375	373	1033	76	907	56	301	304	249	1187	4	548	1466	204	498	162	270	267	501	298	203	71	81	9	14	213	30	105	4	32	21	288	336	357	357	15	199
50	5773	1812	1040	984	233	508	783	408	433	884	703	740	402	337	75	253	186	1365	276	518	558	294	389	88	416	1416	16	366	178	130	246	54	251	52	189	265	1393	148	274	8	53	310	782	15	242	907	245	2	24	206	325	49	22	104	354	87
51	6206	851	633	1276	2033	1041	293	705	251	321	1022	473	377	496	518	360	345	1350	350	531	372	329	168	90	387	106	495	1376	251	235	353	293	53	96	186	146	6	311	187	530	33	15	30	337	205	209	4	142	51	2	13	233	288	956	233	18
52	5686	1027	519	590	1362	413	119	547	1889	734	588	1257	473	741	8	262	289	291	330	186	998	244	93	26	325	390	375	364	259	498	469	54	272	238	93	512	174	1351	210	271	3	257	254	235	95	282	184	897	771	30	494	7	32	78	4	21
53	5651	1285	1927	856	399	346	498	1147	1248	138	381	603	4	435	682	1518	252	112	55	448	291	166	439	45	346	297	492	385	252	37	467	832	15	181	94	195	196	294	80	7	359	69	416	1366	338	969	268	7	184	206	94	21	362	141	181	94
54	5547	1886	704	1697	1019	1128	650	300	419	457	520	189	486	400	156	333	321	335	109	398	771	56	55	540	142	401	15	266	204	84	1483	161	503	201	408	278	1007	7	182	278	48	3	183	15	169	94	1346	32	263	222	232	208	393	50	494	323
55	5686	2432	725	645	960	454	101	865	557	559	493	654	499	490	274	350	77	302	10	100	1388	517	231	422	289	1482	1363	199	54	170	72	283	284	484	281	34	265	6	95	56	92	270	914	54	285	147	14	193	158	297	772	21	2	232	18	494
56	5578	1587	1004	777	720	873	371	561	6	972	520	320	503	481	193	144	377	190	8	1414	388	55	387	1488	15	294	31	96	592	776	120	35	294	287	263	194	1024	79	400	458	224	24	1345	346	179	236	49	150	105	88	47	254	159	498	201	391
57	5357	1641	1100	876	1324	1844	1397	379	296	684	115	492	510	426	320	87	315	14	388	529	1479	578	287	75	237	320	201	265	786	287	77	980	156	52	367	65	267	240	20	99	158	4	261	222	784	15	32	313	47	34	399	154	144	326	259	87
58	5415	1008	1740	618	84	613	1643	520	428	932	1717	754	466	831	516	477	134	10	296	853	148	291	373	385	106	311	1410	361	553	364	260	277	71	85	232	107	188	410	238	150	24	4	311	15	373	94	15	188	965	188	209	228	42	87	49	4
59	5712	2194	1230	692	629	1142	511	603	197	595	295	1705	418	58	259	667	405	421	356	301	294	1478	399	98	402	388	57	220	56	60	68	85	22	5	397	236	264	743	289	217	194	209	218	791	405	87	962	211	398	261	69	139	2	4	40	13
60	5393	1450	760	911	1181	1647	341	556	308	619	1647	640	698	550	367	601	346	1478	307	311	5	272	411	98	36	76	201	220	776	35	52	264	225	105	384	154	986	282	105	790	70	216	340	430	24	6	13	157	81	477	79	272	231	180	5	2
61	5673	1201	1568	709	1203	922	549	590	192	261	320	104	425	627	267	429	40	418	7	337	390	90	364	16	7	290	284	233	3	588	273	1602	59	251	288	1101	1355	518	94	465	859	184	183	77	33	916	18	267	285	331	184	494	143	49	22	13
62	5735	1374	1049	952	781	921	56	426	556	6	18	734	1754	14	584	358	1296	326	262	403	97	873	232	290	103	426	437	2	331	785	160	291	1506	938	24	74	26	492	15	209	23	57	260	92	223	33	374	272	49	105	246	213	206	285	323	494
63	5948	674	670	1022	1706	961	529	765	403	417	593	449	463	266	1585	333	514	236	401	294	237	274	372	17	26	286	393	1410	273	1132	206	810	4	53	914	225	31	229	331	105	2	207	35	267	80	393	52	13	728	233	223	177	89	6	22	87
64	5547	1525	760	2085	1134	741	798	1789	1297	435	87	579	344	468	593	577	286	413	886	379	22	96	95	31	264	309	239	291	251	290	50	486	105	7	85	925	237	237	33	186	751	142	492	3	196	85	187	288	92	32	49	230	15	175	273	199
65	5201	2217	929	66	922	1014	304	545	781	6	451	580	376	588	110	103	18	1018	436	559	841	208	474	399	606	331	340	51	339	36	229	295	322	240	81	265	190	69	238	1402	54	380	400	940	345	448	7	243	24	13	6	94	240	308	1294	195
66	5735	1607	1064	281	1025	815	1881	1382	574	455	88	111	94	380	518	373	152	8	252	460	1076	236	305	1437	838	272	217	427	288	358	118	103	70	145	3	35	467	220	446	281	307	90	318	730	332	368	2	44	233	5	95	495	95	240	23	197
67	5826	1759	730	1178	322	483	635	845	363	304	594	79	16	554	103	1480	405	397	1539	278	329	222	4	34	310	249	470	545	36	262	91	106	608	185	79	4	229	400	207	880	786	51	19	273	144	187	1377	46	897	142	49	18	305	276	228	233
68	5444	163	2075	1394	662	1515	749	647	819	773	291	687	391	529	260	314	1522	414	283	109	201	636	22	200	836	142	5	113	254	280	255	93	287	368	70	261	82	204	288	401	3	193	280	213	25	5	159	6	41	405	32	279	1316	201	18	956
69	5641	1927	954	983	1005	875	721	357	385	103	400	38	436	414	293	446	72	510	385	362	1313	1436	358	102	138	490	87	228	978	110	223	248	279	264	244	48	108	210	8	50	746	72	407	22	4	24	215	98	3	198	1310	773	283	232	324	231
70	5466	1895	1169	142	922	786	218	837	19	521	67	962	388	77	531	303	350	404	37	536	239	1648	393	309	14	291	368	33	51	380	312	756	241	298	86	241	416	1294	504	187	147	186	99	193	18	293	4	106	1335	985	495	300	78	88	151	2
71	5741	1504	1298	1963	876	30	716	556	1384	289	518	495	454	618	350	568	335	306	113	148	205	337	289	95	35	503	202	246	90	105	279	303	282	163	77	274	825	187	206	30	26	400	514	16	18	287	965	733	49	46	4	209	221	2	1295	391
72	5425	1540	1788	690	576	33	115	696	607	1138	256	264	424	1465	456	1543	383	100	541	290	133	420	333	55	300	540	237	501	69	385	1358	257	8	298	17	218	80	208	237	970	422	24	3	6	83	793	245	205	237	165	196	41	91	143	69	494
73	5859	1113	988	630	360	1975	1069	1428	1794	260	295	327	451	1131	337	524	282	348	528	53	474	241	96	217	228	241	37	188	872	320	386	111	194	800	193	508	473	97	339	358	275	60	5	81	146	69	2	94	197	205	15	46	94	104	394	259
74	5622	1226	841	1291	866	768	478	521	1567	728	206	706	639	1002	124	461	474	100	1455	96	35	360	1445	504	261	237	92	812	1002	111	289	220	261	18	15	225	186	255	87	368	195	269	74	33	49	47	274	185	6	499	2	104	229	22	49	180
75	5769	1805	1302	910	695	1863	1462	610	486	873	384	100	1742	204	88	248	292	357	380	247	304	422	529	138	61	379	382	67	277	397	56	280	198	165	425	17	26	338	201	801	185	106	35	88	243	2	13	192	51	236	40	983	200	18	5	494
76	5425	1232	1106	778	1431	570	641	604	84	389	76	381	317	85	807	1319	191	475	681	452	5	262	1490	316	84	16	1041	17	99	290	337	7	86	467	27	410	374	48	236	774	10	92	121	357	32	153	104	340	267	154	192	236	223	1298	771	391
77	5686	896	847	2091	900	646	63	1174	602	773	1279	295	109	521	438	367	262	512	727	374	132	445	239	999	297	10	255	102	303	54	925	352	16	283	199	210	348	6	3	805	232	1351	202	14	228	495	154	179	80	41	32	49	356	21	104	88
78	5425	1868	289	881	117	618	493	76	825	291	910	526	372	199	307	794	443	279	352	47	418	1619	292	10	83	328	1277	378	1577	760	306	205	278	509	28	421	376	111	174	201	968	414	221	14	287	3	7	779	332	15	49	49	21	203	87	259
79	5406	1720	926	1139	75	578	754	795	478	93	1778	249	529	744	357	72	1252	361	413	107	314	34	39	921	556	483	238	282	373	1008	6	28	416	201	271	240	181	3	240	226	94	1319	288	183	262	15	24	801	13	238	181	179	66	49	79	494
80	5735	761	1984	906	858	552	761	603	1469	665	520	454	478	357	385	336	7	301	139	76	310	524	189	599	104	3	95	283	53	774	395	258	1400	214	245	325	283	1364	98	106	254	49	3	49	369	23	412	964	32	179	260	294	18	42	176	78
81	5853	1159	1263	441	934	117	75	375	1508	292	679	44	799	340	82	140	245	1441	474	253	339	1467	261	9	444	289	537	276	64	197	94	1489	317	322	74	15	406	227	266	276	182	843	179	24	234	4	79	290	893	238	141	32	81	3	771	294
82	5673	2058	1159	1650	1020	301	203	637	705	420	289	570	547	1269	612	197	408	75	330	77	156	310	533	416	370	66	34	192	487	241	105	4	333	245	926	294	1359	243	82	224	22	6	15	209	229	259	341	34	104	5	331	733	187	771	87	18
83	5547	1467	1600	780	459	483	475	905	544	127	6	447	546	569	299	219	872	189	75	417	1497	76	385	1356	335	522	15	281	250	343	509	188	379	220	291	106	347	211	17	189	50	32	101	309	1371	79	246	156	18	331	264	6	981	47	143	494
84	5769	1157	153	2242	988	1656	89	1101	732	290	617	1064	905	382	50	435	36	159	24	327	180	367	330	65	33	264	247	313	299	1053	387	400	69	259	203	1459	105	5	206	292	420	3	349	410	101	504	71	299	162	357	2	184	48	229	180	140
85	5170	930	1795	889	328	846	499	895	652	344	1768	492	104	1614	31	658	406	274	60	34	291	4	453	348	338	246	1215	36	1003	333	475	17	69	761	278	374	25	375	54	254	788	305	225	399	10	238	234	15	43	239	253	149	143	79	209	104
86	5825	1569	1841	591	1522	663	368	565	499	317	727	270	717	544	718	15	566	120	309	350	401	276	406	16	289	249	3	32	271	1426	288	74	214	181	52	1370	183	243	85	203	352	13	197	442	275	191	88	70	23	33	777	51	329	40	883	49
87	5853	1763	892	1710	86	676	561	583	379	513	202	434	879	87	1578	590	91	55	255	240	233	344	572	385	405	234	432	238	323	5	501	825	22	266	262	25	69	2	185	51	364	939	14	91	32	6	188	288	1422	262	270	313	392	250	325	209
88	6824	1242	1637	903	558	702	502	636	54	473	114	126	751	1716	80	110	55	228	473	384	337	390	56	269	265	196	163	1321	309	772	545	241	243	15	388	289	51	306	251	315	15	529	279	3	259	22	32	211	236	97	7	232	774	78	151	956
89	5823	1957	1427	875	432	1102	425	539	665	746	11	561	267	384	307	268	1484	246	274	596	213	39	425	198	402	232	210	143	342	821	8	292	180	211	353	60	1344	244	288	733	251	70	310	72	99	248	398	210	4	198	34	88	13	956	15	78
90	6824	1513	758	1828	949	576	29	711	585	54	40	104	381	236	293	372	1477	16	249	696	661	312	953	457	321	105	363	325	490	69	221	236	447	1330	11	258	207	166	182	90	101	27	6	144	345	242	268	280	71	962	40	2	210	202	354	22
91	5210	1140	1583	1072	564	755	370	116	472	520	196	301	1770	94	1270	584	302	481	422	1138	856	499	330	1439	326	147	304	118	3	106	283	162	226	386	206	241	48	91	9	230	417	314	71	200	6	103	272	2	337	400	741	49	22	496	143	228
92	5711	658	149	735	1364	507	794	261	828	814	454	1014	281	133	690	1669	1357	56	643	451	343	179	216	214	1399	307	69	67	416	247	302	17	176	994	290	386	258	33	104	423	234	287	795	330	408	2	98	23	32	68	4	297	184	178	176	46
93	5825	1720	1352	1520	475	928	520	402	139	649	661	998	291	351	56	447	144	97	610	413	13	100	399	104	289	287	37	106	185	262	56	4	105	329	32	74	492	162	298	233	245	400	206	189	1327	226	238	1419	314	740	510	230	15	18	46	883
94	5824	2071	1588	2067	735	731	639	535	480	460	98	96	1578	238	520	247	1294	668	107	37	246	340	300	173	308	131	421	499	16	338	273	110	387	6	269	273	197	49	82	110	3	1002	78	260	499	216	434	205	155	18	5	13	338	141	233	30
95	5382	1136	134	1394	1573	1959	986	395	809	256	78	590	351	1535	435	363	326	21	8	1245	182	347	338	55	370	368	289	34	294	61	818	269	32	740	290	205	6	4	1011	34	83	288	144	26	88	503	416	434	210	74	204	91	205	356	324	2
96	5726	1908	1442	941	764	1834	680	419	381	414	114	677	324	284	479	324	461	534	10	1127	10	227	297	56	1124	34	111	107	97	104	27	206	483	257	240	291	349	27	369	16	2	224	888	516	363	244	188	288	102	13	214	68	1311	294	41	140
97	5948	1878	1634	941	1013	655	442	408	503	394	357	573	369	1574	184	1096	1492	565	91	338	364	4	336	287	36	80	6	522	221	292	878	394	740	51	297	419	235	289	372	144	444	100	104	26	152	50	13	210	31	15	87	18	200	93	66	140
98	5541	1413	2690	605	947	848	531	1591	114	346	524	362	425	189	451	437	191	11	172	500	405	1483	289	292	298	283	395	262	156	86	50	74	1031	351	274	33	51	83	104	229	797	270	507	153	97	160	15	727	183	209	2	104	32	14	391	393
99	5622	1754	661	1797	637	731	761	518	585	1064	550	196	679	626	411	277	434	1479	97	471	221	1424	189	292	127	399	798	102	73	33	304	302	2	24	951	15	226	5	86	106	141	260	288	188	167	258	262	496	231	74	402	6	49	91	32	197
100	5711	852	2273	1240	1081	16	862	1209	739	389	282	575	323	303	104	162	402	1310	425	619	59	310	261	88	5	2	286	309	900	335	204	553	385	1341	32	106	236	138	11	70	17	974	23	188	406	156	313	240	338	41	100	396	228	78	143	22
