	V1	V2	V3	V4	V5	V6	V7	V8	V9	V10	V11	V12	V13	V14	V15	V16	V17	V18	V19	V20	V21	V22	V23	V24	V25	V26	V27	V28	V29	V30	V31	V32	V33	V34	V35	V36	V37	V38	V39	V40	V41	V42	V43	V44	V45	V46	V47	V48	V49	V50	V51	V52	V53	V54	V55	V56	V57	V58	V59	V60	V61	V62	V63	V64	V65	V66	V67	V68	V69	V70	V71	V72	V73	V74	V75	V76	V77	V78	V79	V80	V81	V82	V83	V84	V85	V86	V87	V88	V89	V90	V91	V92	V93	V94	V95	V96	V97	V98	V99	V100	V101	V102	V103	V104	V105
1	2644	525	25	0	64	245	152	8	97	42	172	1	0	101	50	211	9	35	50	4	92	73	9	37	46	97	50	11	31	4	58	12	22	94	9	72	11	74	33	0	5	44	28	52	18	46	159	34	52	4	36	0	46	40	31	32	30	0	85	15	41	54	10	8	21	25	8	23	0	1	26	1	100	3	18	41	6	9	6	3	31	1	5	33	12	1	55	0	20	0	4	17	8	0	11	27	9	15	12	25	5	88	22	2	13
2	2725	230	358	180	109	111	44	61	218	154	220	38	32	19	47	23	0	46	50	22	32	9	0	0	46	25	31	81	4	38	75	0	28	190	32	40	17	0	36	25	13	58	9	31	0	86	28	61	43	3	18	74	2	2	45	4	0	15	10	1	35	68	14	21	20	26	42	32	6	12	1	51	1	44	12	18	2	48	1	15	6	28	34	4	30	30	8	17	51	88	8	10	59	0	33	1	5	19	3	1	0	0	0	7	37
3	2651	376	161	337	292	63	177	94	73	1	73	0	61	7	58	0	144	134	14	79	100	0	23	32	15	10	0	38	162	22	17	20	10	15	2	52	12	43	40	5	43	49	37	63	3	6	15	3	0	0	25	52	63	2	39	43	21	27	12	30	7	19	13	0	5	8	24	33	11	0	29	27	72	40	50	43	92	25	0	26	39	31	27	12	3	4	1	96	0	0	1	25	0	1	24	13	4	6	2	21	19	23	4	8	13
4	2661	599	326	7	117	81	3	14	217	0	140	59	60	49	46	43	12	154	14	58	60	30	6	35	2	81	74	3	48	0	1	58	139	61	40	13	35	3	29	68	29	151	0	0	14	32	31	47	37	53	18	31	23	7	1	8	6	59	1	45	21	8	99	0	5	0	5	76	27	7	30	44	2	10	10	4	12	15	16	58	4	40	25	4	26	31	0	24	19	13	39	8	10	0	23	4	25	3	12	12	0	0	6	23	8
5	2659	442	301	110	92	125	164	275	54	64	74	20	86	229	6	40	35	107	1	91	12	52	118	1	20	12	0	1	25	73	18	11	46	46	25	42	72	33	0	43	47	20	21	15	21	15	65	17	0	2	7	5	11	0	31	7	27	5	59	29	0	75	5	41	4	0	7	25	15	16	18	23	39	27	47	18	26	0	6	21	2	0	0	11	21	90	42	12	1	9	1	10	23	14	30	1	24	4	16	2	53	4	24	6	5
6	2671	175	270	347	242	80	174	78	139	52	46	52	55	97	5	47	40	59	5	123	51	3	45	33	28	0	35	14	43	1	77	12	106	1	9	4	37	0	71	5	21	1	6	61	31	30	12	34	10	33	4	45	62	17	37	10	8	45	167	43	9	11	0	23	69	3	2	54	20	18	0	0	20	11	48	24	0	31	18	6	69	1	0	1	51	93	2	33	14	10	2	8	23	1	24	25	20	1	6	15	0	40	3	4	25
7	2565	424	260	155	293	131	34	16	255	39	0	104	46	35	62	41	210	41	56	120	0	59	0	16	35	111	29	49	34	8	0	36	4	21	29	12	8	46	54	33	1	32	4	4	0	20	6	44	20	21	3	13	71	26	8	81	7	31	4	0	0	0	62	64	8	25	3	3	16	2	2	1	23	25	6	61	35	18	54	15	89	22	4	0	0	11	60	20	11	12	11	14	24	38	5	0	4	38	46	39	5	37	8	49	10
8	2602	454	100	178	328	63	93	10	16	106	80	89	51	72	74	54	0	60	48	16	80	32	198	69	33	0	42	95	11	43	6	4	16	20	25	13	52	19	39	3	56	18	24	0	57	3	102	27	19	0	50	4	3	32	15	4	13	4	8	0	8	40	2	0	1	27	0	3	102	14	156	11	36	24	0	44	9	62	20	0	19	45	22	7	22	25	0	97	1	0	1	2	9	31	24	51	12	4	16	0	6	40	38	53	30
9	2781	22	340	121	197	108	178	46	130	97	57	11	212	40	6	60	74	85	52	36	123	47	58	61	22	76	57	4	35	9	14	35	93	15	31	36	0	44	56	98	26	5	3	34	38	13	44	21	42	14	7	2	41	32	25	58	2	10	7	7	15	48	5	10	29	0	29	0	25	57	32	0	61	1	95	5	1	37	0	62	51	51	18	1	3	40	2	20	9	25	0	23	0	24	2	1	0	10	10	8	19	0	11	4	5
10	2658	298	362	117	214	51	163	75	36	46	117	111	13	48	36	51	79	131	30	75	88	14	1	47	76	51	0	21	11	2	5	25	19	37	5	23	16	33	41	149	8	2	22	0	9	47	18	42	30	47	99	19	2	9	26	7	15	42	0	0	20	9	32	9	51	13	79	7	138	48	27	3	19	55	25	19	0	7	0	1	9	1	2	95	49	1	1	26	0	24	23	24	38	0	0	16	45	5	37	25	4	2	24	12	3
11	2628	580	225	69	275	62	49	79	38	5	61	31	8	215	70	2	64	0	0	42	32	57	45	49	10	81	102	34	112	9	119	45	31	43	103	52	8	43	54	21	5	3	34	5	10	121	59	5	21	26	40	20	0	0	0	0	25	5	62	27	3	1	2	50	1	4	0	11	26	5	3	9	26	1	6	3	11	26	37	0	0	9	24	26	91	13	5	6	7	2	94	20	40	59	24	37	19	0	41	8	8	10	5	30	23
12	2775	226	310	269	95	68	222	54	16	25	1	49	147	28	16	52	38	53	36	21	93	45	28	35	41	125	86	35	33	45	0	21	0	0	2	36	37	18	39	21	22	13	18	43	51	47	33	39	77	9	11	3	19	11	70	5	26	0	3	17	4	22	56	6	0	27	40	5	1	30	20	3	9	93	4	16	4	8	54	40	0	2	5	0	62	155	0	25	0	0	1	49	4	9	9	12	59	39	24	1	18	19	45	60	49
13	2576	357	257	319	195	137	36	201	60	43	67	99	81	64	57	20	6	87	50	52	52	6	23	36	0	165	63	78	151	54	21	28	38	16	44	40	9	41	47	35	67	31	29	0	1	1	70	4	32	21	101	34	59	46	2	2	0	9	10	7	25	1	0	24	15	0	9	0	38	1	70	19	43	48	5	12	19	11	28	5	1	10	53	4	8	0	6	3	0	19	0	2	13	18	4	2	11	0	12	5	14	8	15	5	24
14	2818	412	24	207	233	75	54	99	60	80	52	16	72	186	116	68	64	5	3	0	67	37	39	32	42	63	137	0	36	3	32	2	70	101	22	81	39	1	70	12	7	23	4	21	13	21	1	32	0	7	5	7	47	42	0	37	66	0	30	15	134	28	0	4	3	47	60	0	7	27	2	18	101	8	4	74	17	26	9	1	45	59	4	12	2	0	1	6	21	27	24	24	0	12	0	33	6	31	25	4	4	13	0	9	7
15	2660	257	255	156	148	288	55	85	49	71	18	0	113	135	38	58	47	1	6	65	128	11	72	43	0	44	24	24	32	25	16	39	35	7	67	17	31	16	7	8	1	16	9	0	28	116	28	5	29	29	84	1	48	119	52	0	8	22	58	19	19	53	35	39	28	6	12	35	6	2	0	64	24	98	10	1	2	22	31	0	32	67	2	34	11	4	29	56	16	19	1	89	31	15	0	2	11	59	0	0	2	8	24	0	25
16	2659	228	282	312	229	9	60	62	40	44	69	18	67	94	272	66	4	87	27	189	30	39	37	39	64	76	88	0	54	0	40	30	47	38	52	36	6	13	8	33	3	22	55	34	27	34	40	56	26	2	39	51	7	1	3	9	42	8	64	30	9	76	9	22	6	0	17	0	4	0	43	37	2	6	26	0	7	7	21	94	1	8	33	32	65	12	46	2	15	8	8	8	0	0	3	12	0	23	11	2	0	4	24	37	6
17	2531	348	264	246	68	135	185	156	127	0	32	14	191	58	14	67	50	49	56	22	3	59	67	8	3	75	43	54	41	42	0	63	107	2	2	15	0	38	17	6	12	21	11	1	46	68	48	12	32	3	10	80	0	23	58	49	20	6	14	176	43	10	9	3	3	51	31	1	15	11	17	29	6	0	20	3	24	16	25	61	25	49	28	9	2	11	7	8	0	26	0	15	5	20	0	76	0	88	6	40	4	1	51	37	13
18	2622	243	347	93	121	104	191	60	280	194	74	68	62	98	1	59	18	184	140	42	164	47	110	0	49	62	30	22	43	47	16	44	2	0	10	5	82	37	16	5	4	7	32	17	32	0	11	13	23	50	76	28	17	0	13	50	11	26	3	27	33	51	4	18	19	40	15	2	1	24	5	21	2	43	6	0	2	34	0	19	14	0	16	0	11	2	3	62	10	1	1	22	0	1	8	6	37	4	25	30	1	8	9	5	0
19	2585	594	186	288	71	225	114	55	15	55	80	20	44	9	136	8	0	0	38	81	93	101	45	12	50	13	44	71	44	110	40	42	30	49	35	57	13	0	193	33	29	14	20	56	19	37	2	5	9	4	2	80	37	0	10	5	4	0	54	25	0	27	3	4	27	18	1	60	47	26	19	5	3	4	19	24	15	31	0	3	3	0	2	14	0	27	6	19	37	24	9	88	2	9	8	37	7	41	3	0	18	33	0	25	8
20	2729	254	245	106	133	234	248	65	63	82	0	265	0	51	0	8	23	101	189	31	51	11	29	57	14	22	6	50	13	36	29	36	23	44	36	19	4	20	88	51	21	45	79	67	50	41	33	7	64	2	15	0	3	20	6	1	42	52	1	2	5	31	20	35	38	18	20	58	0	0	12	5	30	8	26	3	6	10	3	6	6	8	15	59	92	24	2	2	20	25	61	6	3	46	40	12	23	0	15	0	19	14	4	0	0
21	2531	332	252	218	133	208	130	0	121	102	11	29	150	66	19	49	164	38	123	78	35	15	45	1	0	8	0	0	16	22	1	18	42	25	21	48	2	9	0	18	37	24	42	112	33	3	159	5	37	7	10	32	4	25	12	15	1	19	25	0	0	5	54	69	2	8	36	0	6	10	1	43	14	22	160	4	63	15	25	22	61	53	0	39	1	55	49	24	11	46	2	17	24	1	44	18	24	26	23	4	4	2	40	0	38
22	2592	503	323	96	105	166	78	249	124	52	178	23	77	36	51	2	61	0	56	0	45	14	18	50	62	12	36	42	20	12	0	38	30	67	46	11	15	48	7	50	7	25	51	71	38	25	11	100	9	8	40	34	0	14	1	27	3	30	10	7	75	12	0	25	21	27	5	12	43	6	43	16	11	1	90	13	0	111	0	27	14	16	0	8	17	94	1	0	12	9	4	26	4	0	18	1	0	54	2	13	24	38	40	3	5
23	2484	446	169	86	212	232	141	15	203	149	58	14	0	4	100	215	27	17	85	117	37	33	0	2	47	34	0	27	183	0	72	27	72	45	34	39	5	27	120	30	33	25	11	25	9	15	23	51	0	33	15	45	0	46	11	9	59	24	2	28	1	4	17	0	93	6	67	30	35	20	3	17	38	0	12	8	1	33	0	0	4	2	14	48	6	18	37	2	19	1	6	45	0	11	1	9	1	8	24	50	30	5	39	6	4
24	2602	270	239	293	18	1	68	134	9	199	198	1	122	43	48	52	61	40	37	40	102	27	112	9	51	44	122	47	4	83	63	48	32	12	46	10	61	29	45	77	5	107	27	6	33	25	96	31	56	24	12	40	0	0	5	0	43	18	34	0	29	21	24	2	28	0	18	0	2	42	1	6	10	1	16	8	11	29	27	7	16	8	0	20	4	8	24	11	5	0	24	109	95	5	24	62	3	8	9	3	4	4	8	50	0
25	2649	471	229	266	186	91	74	91	14	91	105	136	72	33	150	21	123	21	30	79	48	49	27	16	2	33	88	29	62	42	12	12	10	0	4	3	9	2	8	8	70	13	28	0	39	14	49	34	7	14	0	28	2	0	23	0	12	3	1	149	29	26	32	79	43	56	15	21	0	13	2	51	31	21	7	24	0	20	97	42	15	0	12	0	13	8	38	22	1	0	0	19	46	8	5	4	19	24	7	19	19	40	24	9	4
26	2650	382	142	214	170	149	292	173	99	59	53	38	23	25	37	94	4	11	20	80	218	73	33	13	70	38	26	45	0	16	64	61	57	33	25	15	19	5	39	3	39	16	0	0	7	49	5	30	2	5	14	21	1	1	5	63	32	35	10	3	3	117	27	5	0	0	29	0	30	3	7	8	38	0	1	26	40	19	0	20	16	13	95	3	4	12	0	0	24	47	27	6	87	34	0	0	12	40	39	4	31	60	1	5	8
27	2577	350	223	247	301	148	46	35	6	32	0	69	15	1	54	57	44	67	36	0	70	150	0	2	5	90	52	79	29	48	30	37	38	15	45	56	47	33	100	16	78	46	5	11	112	9	7	36	37	33	0	16	28	52	0	60	1	0	20	18	61	6	28	61	29	18	8	62	6	0	0	3	15	15	5	2	22	4	10	56	39	174	0	6	47	1	31	6	1	76	4	24	26	51	8	9	30	1	10	26	15	12	5	15	0
28	2482	366	464	137	224	181	153	52	34	180	107	8	14	85	66	52	53	24	0	32	32	107	123	5	35	19	19	0	42	7	135	1	12	12	71	45	135	0	109	0	44	54	66	59	40	8	17	70	27	6	19	12	5	32	69	4	2	21	30	42	9	25	5	6	19	44	1	0	4	16	27	6	6	43	3	19	5	0	0	0	11	16	0	8	10	0	50	59	4	2	4	28	24	0	22	24	16	33	15	5	7	16	4	1	0
29	2660	205	320	69	283	87	19	37	252	181	73	66	49	20	154	0	27	0	45	120	47	107	47	44	47	15	27	18	0	23	56	36	27	0	28	61	77	36	30	1	28	188	21	6	0	0	10	38	20	20	103	22	7	81	30	1	34	5	42	8	32	11	26	2	24	0	16	35	12	0	32	10	4	4	3	0	16	19	24	38	17	5	2	62	3	54	4	52	0	37	5	6	9	2	57	4	24	41	1	1	9	13	24	12	37
30	2682	252	392	159	214	126	114	130	124	63	61	52	35	83	40	17	88	7	2	58	115	46	14	90	16	43	11	8	30	2	11	25	61	15	52	28	9	0	23	24	8	0	120	7	3	0	0	53	25	90	22	0	25	22	68	8	64	9	136	27	2	4	17	22	21	1	20	77	0	6	21	63	8	55	8	14	2	42	11	4	7	29	20	17	0	95	18	9	4	31	0	59	1	2	1	0	24	3	27	30	37	3	0	23	0
31	2745	320	308	272	48	84	135	60	19	35	52	173	5	59	65	59	41	23	204	44	123	80	22	132	47	45	1	98	18	13	19	95	20	29	16	26	32	22	39	62	29	3	35	28	1	34	50	43	54	57	27	11	14	10	57	0	26	1	9	34	29	7	0	9	0	0	11	0	15	28	15	13	9	18	23	5	2	24	4	37	32	0	6	1	27	9	1	0	8	0	8	0	0	2	37	7	52	49	5	1	61	18	45	15	1
32	2662	407	147	48	277	220	4	50	92	144	61	53	127	39	13	156	111	50	30	87	34	56	73	125	14	38	12	57	4	0	23	56	37	58	1	47	55	23	53	11	27	10	72	12	25	12	37	106	14	108	0	1	0	42	6	21	12	23	3	4	26	1	22	0	0	45	4	8	3	37	20	0	0	3	4	9	6	2	2	19	52	13	60	38	12	49	5	2	34	72	16	3	8	0	46	32	4	0	13	0	5	25	7	5	45
33	2631	272	207	406	334	155	63	167	37	121	99	49	67	57	45	12	33	94	33	16	40	17	51	8	13	18	107	47	20	0	89	55	44	0	1	19	29	2	33	0	4	15	5	73	10	24	41	44	2	27	29	27	4	0	20	12	20	0	13	33	14	8	0	31	24	58	22	7	13	42	26	39	48	0	4	25	12	0	19	42	34	63	24	13	2	10	98	5	2	53	50	43	0	0	72	5	1	0	2	4	24	0	8	1	5
34	2434	600	308	226	114	119	212	41	120	46	124	99	29	56	36	71	145	72	52	28	1	95	9	19	33	0	6	39	35	3	52	2	6	7	13	12	56	107	27	39	67	21	44	0	19	25	30	30	32	10	4	99	0	1	28	10	30	0	23	18	20	20	25	9	2	3	1	43	13	7	33	0	18	5	19	3	0	68	55	5	3	3	109	0	95	1	4	8	37	2	19	0	44	11	14	0	16	27	24	0	18	4	24	1	50
35	2655	328	235	176	58	266	47	43	61	44	161	228	52	51	84	65	48	156	144	40	64	49	55	48	72	41	55	43	0	45	1	65	79	32	108	106	30	0	21	24	0	18	9	28	0	63	0	1	24	31	29	12	25	32	4	8	4	12	11	12	26	2	0	54	18	0	11	4	31	0	2	0	3	15	4	51	14	0	3	12	4	9	3	50	37	0	9	14	37	5	41	19	24	49	1	7	5	33	11	4	20	1	2	5	4
36	2682	421	236	207	108	41	203	105	118	37	125	14	29	37	39	47	37	55	47	0	23	45	42	0	6	5	57	71	46	159	96	21	8	17	73	30	71	18	15	47	3	11	30	14	44	0	1	188	61	64	0	28	6	64	37	3	0	19	36	2	11	31	49	8	10	26	5	1	10	2	5	92	7	18	25	57	18	17	3	2	14	0	31	2	41	2	19	0	0	4	0	3	6	25	0	0	33	31	6	16	72	21	8	8	59
37	2775	253	184	3	153	1	312	8	96	19	26	134	14	223	14	167	129	50	4	44	0	54	71	22	13	26	1	4	56	13	127	35	30	83	26	56	34	19	10	91	55	19	37	35	0	30	22	32	29	16	24	33	60	41	9	58	22	8	27	9	43	42	0	19	91	0	4	0	26	35	0	0	28	0	6	12	95	13	56	5	12	5	6	1	28	7	1	43	4	1	21	0	40	20	25	44	0	37	2	7	60	25	19	10	8
38	2606	261	46	411	107	31	60	102	132	143	98	47	215	146	63	36	1	87	0	61	14	47	48	50	0	116	62	0	15	18	37	104	49	21	9	127	0	36	1	0	36	41	0	75	28	63	34	52	83	24	6	32	33	2	8	4	28	2	47	27	1	8	0	11	22	32	29	6	18	4	15	17	3	54	2	17	8	17	20	60	4	3	90	5	55	28	0	9	2	15	17	8	7	2	50	45	0	39	10	15	25	4	18	10	10
39	2697	512	189	59	98	68	220	209	0	221	77	121	80	0	26	57	41	55	97	54	3	39	22	21	11	1	69	5	69	0	31	0	22	0	20	10	48	0	20	35	33	0	57	5	18	29	105	22	35	43	42	43	7	63	1	37	0	36	9	6	10	2	98	20	32	22	18	27	35	65	31	20	61	37	3	26	3	33	27	51	3	72	4	15	23	9	7	24	8	9	4	1	10	0	6	45	13	3	5	49	2	4	4	0	8
40	2631	21	201	244	226	106	89	123	124	311	243	23	45	175	192	54	0	39	24	32	35	116	103	26	61	92	28	107	12	9	9	15	43	29	0	7	47	12	2	17	2	25	42	2	11	22	25	51	5	9	12	27	21	1	24	49	32	32	5	3	54	30	26	13	9	12	51	8	17	14	12	3	10	0	24	28	0	8	29	26	9	41	0	0	19	0	13	0	4	19	0	0	37	0	18	40	26	5	2	24	1	33	44	12	53
41	2773	391	269	284	3	70	49	122	29	266	22	12	0	101	98	1	29	52	46	0	83	30	9	37	26	43	2	192	37	20	27	36	46	39	33	90	56	4	14	141	12	5	77	37	96	3	1	25	41	3	30	32	21	10	15	9	21	56	29	5	17	4	11	5	1	3	21	26	24	22	10	40	27	18	19	0	19	43	51	59	2	6	1	0	32	0	8	8	5	60	45	27	7	25	4	10	0	5	16	13	37	3	0	0	3
42	2832	434	25	185	262	57	152	66	113	142	77	146	72	19	101	15	0	64	46	45	93	15	40	38	14	51	7	113	39	38	47	0	32	31	37	21	1	14	64	53	10	0	4	0	46	2	1	43	14	4	38	121	14	4	0	39	10	35	22	26	3	0	30	23	1	24	8	32	64	3	40	1	20	26	0	5	10	19	0	1	2	7	24	0	2	54	46	5	88	0	6	8	0	13	4	10	11	4	26	38	30	95	3	22	5
43	2635	399	300	95	166	136	133	151	2	203	24	1	87	81	8	195	11	135	11	4	17	69	92	46	3	22	3	32	42	6	17	39	11	50	10	8	105	35	41	59	72	34	11	103	59	35	20	9	40	53	20	49	45	21	71	6	42	50	20	17	6	1	26	10	59	15	69	25	0	1	5	11	0	25	19	24	2	0	43	1	13	3	7	8	12	0	0	4	6	0	24	10	6	2	11	1	0	12	33	0	2	0	18	45	27
44	2776	226	313	68	110	275	46	292	0	166	2	27	82	41	0	60	0	26	14	78	49	10	127	1	43	139	21	12	37	50	51	40	17	19	46	11	103	10	4	28	0	38	8	9	9	20	55	5	44	0	67	0	60	20	33	48	20	28	39	60	28	5	10	11	8	0	5	8	0	24	10	65	58	7	20	4	9	18	27	3	0	2	41	1	173	1	18	1	15	30	16	9	4	24	76	13	23	0	11	0	16	2	9	49	10
45	2771	138	130	196	1	46	0	267	322	171	146	109	29	195	109	49	82	36	15	29	64	12	11	20	29	16	0	43	41	9	33	12	50	76	17	19	36	5	100	2	126	70	25	0	47	45	14	38	25	9	0	25	20	0	5	20	25	27	27	9	0	25	3	1	4	0	40	28	33	20	26	2	56	88	26	34	34	5	0	12	25	6	0	1	47	1	15	10	20	94	24	2	5	4	18	0	50	46	1	19	2	1	6	20	0
46	2585	489	3	292	13	256	159	62	118	75	83	128	0	36	62	52	0	45	22	17	42	38	0	13	150	0	80	126	29	2	35	42	68	44	24	26	39	9	77	2	31	25	33	105	42	15	2	11	3	12	10	28	38	19	62	55	7	9	20	58	157	5	14	5	53	17	8	38	1	10	4	60	1	47	42	2	31	7	0	6	2	8	0	5	8	41	43	3	0	13	8	25	3	47	1	12	39	60	47	0	0	7	24	10	5
47	2657	353	378	266	2	123	83	55	0	62	244	228	147	11	0	51	84	19	30	5	33	36	48	40	23	2	87	70	85	51	54	6	45	29	74	0	28	32	2	19	5	56	21	31	34	8	83	4	3	29	2	4	42	33	33	38	21	24	17	10	43	60	19	5	9	9	15	6	38	25	8	27	91	1	24	19	1	14	0	11	52	6	0	3	20	2	23	1	15	1	9	0	57	9	1	10	0	50	4	37	1	18	10	0	33
48	2576	387	145	307	54	262	73	112	111	52	147	50	154	53	196	59	1	0	26	95	37	14	9	40	39	51	48	21	38	36	20	36	64	54	72	38	43	4	57	21	5	3	32	9	11	0	26	22	101	4	3	22	14	12	47	0	38	22	15	0	3	1	25	20	2	15	2	6	8	1	42	6	45	7	77	9	23	0	0	7	10	24	35	23	0	43	1	98	28	1	49	5	0	2	1	0	8	58	26	8	61	37	11	4	27
49	2775	253	298	164	18	195	36	179	180	67	72	31	15	56	5	14	0	0	6	121	24	0	22	185	110	61	18	25	16	37	51	9	36	108	14	1	36	61	21	30	0	6	5	29	7	37	30	21	34	0	0	0	1	9	23	26	9	62	28	69	34	7	93	2	40	0	20	3	22	43	8	9	14	3	5	43	26	43	12	66	41	18	111	13	23	42	0	8	37	30	1	2	0	3	17	16	4	8	96	25	50	24	11	23	5
50	2482	526	155	195	90	107	172	37	173	49	1	106	161	8	0	145	56	36	55	30	182	12	12	0	23	18	20	82	63	23	19	48	0	29	38	4	3	7	30	22	0	75	46	43	1	43	0	8	18	31	55	13	33	30	8	28	6	33	33	1	10	12	62	0	1	0	10	0	7	37	27	21	60	0	4	3	38	25	39	10	8	14	26	24	2	34	18	31	8	173	9	59	24	0	20	2	25	72	50	8	49	1	3	10	87
51	2615	327	187	293	342	176	112	39	31	54	113	1	57	68	41	126	49	49	62	25	18	57	16	17	3	89	15	120	11	31	87	10	6	9	6	28	0	21	19	1	68	0	13	44	3	4	0	11	191	45	46	0	44	11	100	7	16	1	1	2	28	58	20	76	8	26	29	19	32	3	26	8	4	1	4	18	18	25	30	58	7	50	18	59	47	14	0	0	5	4	14	4	33	31	0	0	12	0	10	0	24	33	5	18	30
52	2541	496	345	185	165	148	53	95	158	31	9	237	14	142	20	25	33	50	113	54	51	68	39	17	16	35	45	5	2	34	0	13	36	51	24	53	102	20	61	11	2	73	0	61	0	86	4	23	25	0	1	63	8	40	0	29	29	24	4	20	25	1	13	29	7	34	5	34	25	1	12	90	44	5	22	1	17	1	0	10	12	22	49	24	0	14	61	16	40	12	0	24	33	3	3	9	6	15	27	0	0	7	1	4	0
53	2461	503	145	113	9	75	314	145	117	40	97	17	114	160	32	30	103	7	5	25	226	39	42	55	6	117	12	6	0	77	84	92	0	19	22	49	4	89	2	41	44	35	1	0	63	0	11	103	51	35	30	8	5	3	21	27	10	44	66	28	6	8	21	52	1	13	6	4	12	0	9	9	33	16	27	51	32	1	19	61	2	23	4	5	21	18	7	26	32	37	0	0	0	26	14	2	5	24	24	38	40	3	16	0	20
54	2650	123	343	378	199	17	96	166	62	14	26	13	50	98	5	52	53	42	101	75	31	106	183	18	34	34	52	47	0	72	106	58	100	0	22	51	27	0	165	0	10	44	54	6	64	13	39	55	3	15	0	23	20	8	9	20	34	7	16	17	3	7	21	0	29	0	45	5	3	11	29	44	25	0	5	10	31	60	3	4	11	26	52	1	5	8	4	0	15	12	64	13	11	47	4	16	2	0	8	23	16	19	25	4	0
55	2676	356	158	109	206	51	57	43	235	108	10	19	75	108	206	55	69	45	15	10	51	42	47	40	44	3	22	5	51	30	77	38	27	37	39	3	91	0	23	19	43	35	0	21	2	15	50	0	68	4	0	1	28	0	2	19	0	12	13	101	163	15	12	28	66	50	8	0	0	4	1	5	26	31	49	37	15	61	0	7	34	3	4	1	31	2	1	8	9	42	0	34	17	89	48	5	54	50	0	6	11	24	18	41	23
56	2594	359	323	197	108	254	133	194	12	115	29	120	215	65	69	17	45	45	55	44	16	41	32	0	8	75	114	16	32	33	47	12	39	2	11	48	4	20	53	33	2	45	9	0	13	37	32	0	54	20	21	2	61	21	57	11	12	18	38	67	35	1	19	25	0	77	6	5	23	30	2	0	5	9	6	7	32	0	4	40	18	10	0	2	3	6	19	0	94	39	45	0	44	12	3	13	2	13	5	25	8	4	1	4	2
57	2671	469	270	238	46	33	52	157	27	207	112	48	98	70	132	31	60	56	28	50	21	3	139	37	25	15	76	47	2	19	34	21	38	13	51	4	115	14	33	17	20	34	17	37	25	4	4	0	43	3	10	6	71	23	78	0	27	9	16	14	45	21	61	26	5	0	0	33	26	0	63	40	52	0	0	0	59	8	3	55	0	32	4	8	6	72	7	5	12	9	6	3	0	0	2	0	1	15	24	37	11	13	19	21	23
58	2475	362	307	123	25	268	83	207	1	0	112	178	82	6	192	46	88	30	54	31	38	50	166	22	86	0	10	44	38	57	22	40	3	21	4	2	44	69	12	99	30	30	0	34	27	6	4	0	2	22	8	1	45	40	22	28	45	9	1	6	63	40	1	4	60	25	18	0	20	20	33	16	42	9	18	9	10	1	0	46	52	18	0	9	26	1	37	1	0	7	30	1	7	44	8	24	4	7	8	109	24	10	10	94	24
59	2632	298	242	327	293	89	54	119	11	44	43	16	39	101	147	23	55	24	52	77	113	20	48	43	30	57	44	33	32	33	24	43	58	15	6	77	52	34	139	0	3	2	71	104	10	0	26	34	28	23	2	36	0	19	126	3	0	98	0	9	28	5	37	2	4	43	22	43	21	63	0	9	0	41	2	50	24	46	40	1	8	10	16	0	0	4	9	13	19	23	5	13	18	6	3	2	9	12	0	1	0	4	8	0	2
60	2568	36	529	167	294	116	118	64	85	1	27	0	85	144	63	0	24	177	33	25	48	38	10	45	34	17	43	1	89	49	88	24	42	41	1	19	86	21	70	23	18	84	59	52	8	2	3	0	0	43	49	26	51	30	7	40	4	38	0	4	26	21	1	37	1	51	20	3	6	29	15	28	0	26	4	7	91	10	47	0	160	20	5	19	2	31	7	18	3	19	52	23	3	59	1	3	5	37	30	5	0	15	19	24	1
61	2832	347	238	93	190	265	89	59	165	44	46	46	139	8	45	30	77	0	60	102	19	30	75	49	16	29	2	11	69	48	76	10	64	18	32	21	0	20	6	1	26	20	89	9	1	4	6	28	0	32	52	26	7	4	0	9	8	13	25	22	7	2	24	3	0	11	13	25	2	41	5	5	51	0	20	0	25	21	14	32	4	14	58	5	88	23	111	40	0	0	37	94	33	32	8	50	24	23	38	3	1	0	0	8	0
62	2682	381	136	353	73	29	200	70	160	117	56	111	1	83	24	138	25	27	44	50	31	0	40	38	0	15	71	0	74	36	37	33	35	45	21	5	0	159	9	14	12	28	35	47	2	26	13	8	5	6	29	3	8	0	6	40	50	20	125	16	29	24	52	5	31	22	43	14	60	37	95	1	9	2	2	0	40	25	13	18	28	38	6	1	49	4	0	25	9	5	16	13	38	4	0	8	2	9	0	1	0	23	12	88	44
63	2818	13	365	10	97	186	78	1	314	70	141	60	15	0	43	29	58	76	36	96	38	51	14	66	94	1	176	34	16	0	45	12	71	95	16	2	18	26	11	20	0	21	5	149	48	37	12	39	16	61	9	0	26	30	0	55	3	28	25	3	26	23	77	7	8	73	97	0	4	20	9	20	13	0	41	4	4	1	22	64	31	25	0	28	2	1	2	5	23	24	51	0	5	9	2	5	16	8	23	18	38	3	87	3	46
64	2655	219	214	115	379	52	1	104	141	88	46	1	85	55	110	83	188	50	0	32	122	49	160	35	19	151	8	1	11	0	20	38	25	39	0	18	0	23	21	48	59	3	27	106	46	14	28	35	2	45	73	21	28	0	52	12	10	68	60	3	8	19	0	56	5	73	33	18	4	1	20	27	95	0	48	23	6	39	0	2	48	24	5	3	1	6	6	11	23	2	19	0	13	6	2	8	31	3	13	0	4	38	3	1	2
65	2632	380	372	241	157	39	121	9	49	50	71	38	71	91	58	55	53	0	88	51	17	54	26	0	22	0	36	138	42	22	13	2	12	18	34	86	12	72	10	33	21	122	11	5	53	35	30	98	26	46	28	11	24	51	10	19	50	3	13	2	0	0	28	2	0	32	30	16	39	21	45	3	1	8	6	16	12	12	31	1	2	0	56	22	30	8	111	66	57	97	15	4	0	48	4	11	59	0	8	6	0	3	3	1	0
66	2622	451	460	280	98	75	134	97	114	27	32	13	21	95	54	33	1	40	4	34	167	45	53	118	67	0	0	30	12	29	31	33	37	3	42	30	31	45	42	11	29	29	6	54	15	43	38	27	42	26	1	3	0	6	32	32	3	21	9	5	0	0	23	6	68	0	51	76	11	14	0	0	19	40	4	9	1	32	16	96	42	9	31	59	24	17	0	21	6	2	6	41	3	54	25	3	0	7	6	1	27	10	45	6	4
67	2631	383	354	248	139	13	110	58	286	33	45	22	238	7	151	31	13	14	38	115	70	2	3	66	2	3	44	45	63	4	24	26	65	122	5	20	15	9	1	0	38	26	36	3	9	58	28	2	58	9	8	20	44	0	0	24	44	27	16	19	1	5	53	60	0	18	39	36	35	0	7	6	0	15	15	24	1	32	0	26	32	8	61	6	19	24	25	21	13	8	22	43	22	16	16	8	0	0	37	3	0	37	40	18	8
68	2818	412	224	208	100	130	120	117	11	250	111	31	61	34	6	80	3	60	82	0	41	0	23	17	74	12	39	22	2	38	30	34	4	60	1	17	27	1	6	42	55	0	58	68	34	2	15	102	59	8	11	39	25	21	83	9	6	3	37	4	45	10	0	0	4	10	26	64	20	0	29	6	58	30	39	9	18	78	11	0	41	0	27	10	3	16	59	5	18	4	5	21	6	27	0	9	22	17	4	5	15	2	27	59	1
69	2672	112	340	71	132	53	97	204	78	78	45	209	50	34	23	43	0	9	98	0	2	53	44	55	46	36	23	51	146	23	89	40	13	0	40	163	13	3	31	7	74	4	46	22	20	31	16	72	13	76	3	13	103	0	68	31	33	43	5	5	42	2	8	47	0	3	59	0	0	49	26	10	43	32	5	4	50	44	1	32	8	28	19	25	30	13	13	5	47	25	4	0	37	97	51	4	6	4	0	15	24	15	1	13	2
70	2592	276	221	138	328	102	173	165	137	137	0	145	1	32	0	96	63	29	8	9	16	156	49	48	6	48	84	47	10	37	15	80	24	23	6	1	40	39	0	100	75	66	21	6	58	0	4	100	37	6	30	17	29	0	12	8	1	11	65	7	1	35	21	10	2	60	0	0	27	37	24	8	99	8	5	30	0	0	12	22	18	16	30	47	24	26	9	0	16	2	21	11	18	37	8	2	5	23	49	8	11	2	1	24	4
71	2568	455	166	274	89	271	66	221	24	0	113	54	68	27	49	59	76	30	199	47	9	56	20	121	49	27	17	35	26	40	42	32	0	0	25	3	100	30	13	32	1	78	52	2	33	38	8	6	54	18	71	3	15	44	66	30	0	12	35	0	18	0	27	4	7	16	26	0	19	1	22	22	2	6	4	1	11	38	1	9	33	8	9	6	28	2	46	1	2	74	0	1	54	17	50	1	40	24	26	0	19	8	2	30	33
72	2579	430	26	238	394	131	93	91	93	100	105	174	138	6	0	60	97	120	15	68	48	29	17	39	5	3	38	26	10	24	0	68	88	17	30	0	106	25	23	5	9	47	4	8	2	43	0	4	0	5	23	0	73	0	54	24	52	23	8	16	35	0	28	5	1	26	24	0	31	52	9	9	1	24	0	30	9	102	6	43	34	25	11	18	13	7	39	25	0	0	72	1	31	40	0	11	5	37	24	16	5	24	16	3	1
73	2661	229	129	198	270	273	143	70	191	81	125	16	57	13	41	29	65	54	78	3	22	84	22	48	70	10	47	28	124	47	102	25	52	74	0	3	0	15	0	7	3	18	0	7	44	2	124	43	0	57	21	29	1	28	105	10	17	28	0	28	51	15	8	0	24	0	9	26	20	18	13	51	0	44	52	26	5	4	2	4	39	8	62	0	31	18	13	5	2	6	12	25	5	24	0	0	3	10	15	49	1	5	30	33	8
74	2639	261	165	221	267	227	30	45	61	67	126	42	159	11	129	42	5	53	80	94	0	6	30	37	5	13	13	21	0	29	33	41	21	43	0	13	43	72	0	1	95	175	2	12	30	14	86	28	67	31	8	0	2	0	7	1	22	21	45	19	13	28	0	43	27	33	13	4	51	55	92	5	15	0	19	35	61	17	29	4	18	27	12	43	9	0	68	10	59	49	38	30	12	19	8	11	1	20	1	53	0	0	1	3	1
75	2661	430	165	67	42	349	135	192	5	70	63	9	29	88	240	44	3	7	54	44	11	18	30	41	38	55	13	28	22	49	29	0	19	1	61	48	86	47	0	33	51	34	40	70	24	37	22	32	0	55	6	66	11	179	3	0	2	33	0	24	6	31	81	9	30	21	6	46	56	28	3	23	8	25	3	57	25	19	0	40	12	19	6	2	5	54	0	1	11	2	1	14	4	17	8	7	24	5	2	9	0	23	0	2	87
76	2445	484	200	211	108	254	108	8	159	99	35	66	41	13	5	56	31	109	10	63	68	82	88	9	47	3	47	122	110	23	189	24	30	55	23	28	10	54	7	37	4	44	0	0	10	11	13	8	1	29	36	65	15	43	76	44	2	27	32	45	6	80	2	0	63	0	12	3	26	1	4	25	13	4	22	30	0	54	2	7	45	0	13	28	49	53	0	33	59	15	10	23	0	24	1	0	6	1	15	3	5	0	23	9	12
77	2682	405	281	8	317	55	112	172	1	100	32	30	76	11	38	9	47	57	29	25	43	36	43	53	96	12	40	36	49	8	0	52	22	71	75	15	10	33	1	109	17	40	4	50	0	104	44	0	28	0	46	16	3	0	19	19	67	19	48	37	2	22	10	39	24	22	1	17	10	61	1	2	20	3	5	16	32	50	15	0	11	53	5	55	50	9	19	26	158	18	2	0	46	11	15	3	51	6	19	6	1	5	24	1	49
78	2641	568	333	11	69	34	62	0	247	60	100	5	148	0	77	26	149	45	39	69	24	12	17	44	19	93	12	0	13	51	6	38	0	38	25	13	29	11	1	45	0	14	48	4	31	48	25	27	3	186	40	64	74	4	7	5	1	10	68	37	38	60	50	49	9	2	16	2	0	5	13	98	26	0	18	16	3	19	6	21	33	60	9	33	19	1	73	26	0	32	0	25	0	26	11	44	27	0	6	16	7	23	50	0	5
79	2567	517	200	219	144	34	41	183	18	11	102	175	25	176	8	33	10	2	46	45	66	80	5	48	49	96	30	40	5	192	37	14	54	23	47	18	0	30	68	2	31	40	3	7	12	9	33	81	61	0	18	50	61	20	10	42	33	17	46	15	9	33	0	6	17	26	97	0	0	24	5	0	18	32	1	40	27	0	25	3	3	98	3	6	27	8	53	33	18	2	8	0	1	23	9	6	37	0	0	24	4	28	14	6	24
80	2649	383	351	119	2	58	126	34	6	139	42	16	51	0	49	0	1	62	141	76	60	145	138	36	132	74	25	78	20	15	30	131	1	43	0	40	25	40	1	7	37	19	5	0	34	18	21	10	68	15	16	8	73	23	2	2	32	0	37	21	63	7	14	2	164	40	58	3	27	41	2	0	8	48	28	11	4	11	37	27	5	2	3	18	11	5	17	28	26	17	0	60	31	24	22	18	1	39	49	44	4	5	19	1	16
81	2771	270	173	321	293	1	66	53	4	0	52	102	59	0	118	64	38	100	29	48	51	89	49	18	21	111	30	6	55	20	10	0	128	30	12	0	26	46	32	195	46	13	33	37	6	22	35	0	16	1	25	3	7	41	44	2	1	3	13	5	21	26	7	28	0	1	2	57	28	29	9	7	25	3	1	75	0	11	94	3	35	25	19	61	5	8	15	24	13	5	4	4	25	0	94	3	24	37	32	31	30	19	40	16	7
82	2643	328	348	139	280	30	92	39	50	14	36	99	35	128	197	35	135	44	14	1	0	59	19	0	13	21	51	85	30	125	0	9	18	0	4	36	2	41	18	5	22	67	5	12	5	33	73	38	3	30	0	0	5	30	3	8	51	12	63	1	12	0	17	45	19	17	8	18	13	119	69	0	8	5	6	14	26	4	41	0	49	95	10	0	7	34	103	24	51	37	19	4	30	19	6	2	47	23	25	26	16	14	40	40	1
83	2781	37	215	305	5	307	156	75	32	70	0	124	87	35	50	27	46	8	1	0	23	13	101	0	44	0	88	15	13	38	62	73	39	43	50	61	177	36	23	14	35	38	12	94	46	111	66	1	0	8	47	23	37	17	25	0	51	22	80	2	17	0	62	16	45	50	2	29	40	9	1	99	43	18	26	4	14	2	8	10	1	14	26	1	88	4	51	0	3	11	16	25	23	13	5	3	1	0	23	9	4	3	30	5	4
84	2672	221	95	282	179	33	256	179	20	98	190	9	48	7	0	15	69	40	88	68	6	129	52	38	49	42	72	26	45	52	39	0	31	0	117	26	15	8	18	59	23	1	0	8	27	37	0	21	8	98	30	26	38	41	12	0	77	0	4	1	28	14	5	0	10	13	22	100	21	174	1	67	24	0	11	24	30	42	3	5	4	38	72	9	48	11	8	0	24	6	0	3	24	11	2	6	9	48	37	5	0	1	6	13	23
85	2818	254	142	259	108	6	279	24	40	53	125	170	94	0	8	10	236	49	42	59	55	14	19	0	1	3	29	16	42	18	48	54	29	24	0	53	26	4	10	33	5	11	140	0	67	71	10	52	38	10	86	10	30	8	8	28	0	1	60	47	24	2	53	12	48	12	0	12	26	1	0	27	4	40	7	0	16	13	31	18	42	0	28	29	5	25	57	14	19	18	19	1	3	0	7	90	47	37	6	12	13	49	0	14	30
86	2594	428	120	27	334	162	96	109	51	50	239	17	63	77	91	24	56	0	38	55	64	35	0	24	76	5	20	50	4	58	10	10	74	35	106	42	66	56	9	17	23	3	38	28	2	44	9	1	73	18	137	24	7	13	0	19	0	1	26	0	60	21	3	0	17	8	0	12	5	13	1	7	0	67	6	0	20	5	53	100	32	4	7	0	11	24	14	6	50	43	33	3	12	30	15	39	26	26	59	19	72	15	8	24	19
87	2603	303	384	89	119	91	80	236	48	200	94	48	148	93	34	5	13	46	76	2	6	23	24	116	58	20	0	45	48	16	5	47	53	36	37	27	4	3	7	47	0	1	20	71	59	13	74	37	34	30	36	43	0	3	0	43	17	15	18	30	0	10	8	2	42	44	66	67	48	0	24	22	0	6	2	6	1	120	10	52	4	50	95	7	3	12	31	0	8	13	1	9	22	1	25	5	37	0	59	0	7	4	5	37	4
88	2682	440	57	169	66	26	266	139	38	131	59	127	173	53	71	0	14	59	0	185	33	0	52	48	25	34	9	0	49	10	44	33	189	4	57	58	32	36	2	3	58	43	18	3	19	1	32	4	12	64	7	9	14	18	26	40	20	28	15	30	6	9	6	3	12	0	25	95	62	39	13	49	18	0	0	0	38	3	48	3	22	58	1	1	60	0	10	4	3	41	2	0	9	12	72	47	32	13	19	14	5	5	0	49	5
89	2489	237	369	283	171	104	106	185	12	115	76	56	169	47	15	31	6	41	91	18	6	6	40	88	63	1	56	34	2	76	79	39	53	51	46	28	42	8	37	66	28	20	0	32	22	2	18	178	38	14	0	34	0	5	1	0	40	44	0	25	20	16	12	1	11	16	7	29	10	20	51	0	0	12	27	1	29	25	21	9	13	0	78	42	20	6	46	0	9	60	19	5	3	55	18	88	3	44	19	0	1	49	0	5	4
90	2626	211	138	355	203	44	262	120	76	2	216	52	60	102	63	16	135	71	43	27	25	74	27	27	53	9	73	44	34	4	46	5	32	108	21	25	43	11	14	59	30	22	14	56	30	8	0	2	0	8	56	8	1	5	23	20	54	0	66	40	7	25	31	50	27	7	40	34	6	8	0	32	0	0	100	13	17	0	17	6	11	0	90	0	72	19	0	4	42	3	6	8	0	32	24	15	2	4	5	24	2	2	59	1	3
91	2525	453	431	253	2	228	71	117	72	251	48	36	15	26	45	25	114	58	57	14	41	14	52	29	10	87	72	108	22	30	0	7	51	37	7	30	25	57	36	43	5	7	31	1	2	12	44	1	35	9	12	0	27	0	0	30	26	11	7	28	43	0	9	2	2	4	95	10	20	8	51	30	26	0	14	0	37	0	18	32	93	0	5	4	4	95	27	46	20	4	63	22	1	15	10	24	9	24	4	5	28	38	0	4	14
92	2568	403	56	37	403	71	249	108	6	57	26	123	166	52	76	16	66	35	13	74	9	40	140	57	20	10	43	38	18	42	34	21	14	2	1	37	33	96	8	36	101	28	36	22	39	38	150	11	42	36	100	6	15	11	0	22	24	14	0	8	8	0	2	13	11	61	1	0	43	28	3	0	1	20	64	0	48	0	24	59	31	73	12	46	3	37	37	2	6	25	24	7	15	4	5	0	2	0	50	4	24	38	4	1	4
93	2658	325	251	324	25	146	65	67	32	113	79	121	56	42	22	56	26	88	2	11	65	49	130	132	5	40	36	35	87	63	41	0	55	5	14	0	47	68	18	2	43	27	25	37	20	13	0	0	71	12	100	27	3	0	31	4	25	11	0	30	8	14	12	16	42	41	9	25	55	3	4	33	37	30	60	48	22	24	17	1	47	0	5	112	12	38	0	6	25	31	24	0	94	0	5	9	0	5	1	1	7	30	6	3	5
94	2660	186	346	231	135	121	192	53	169	75	11	54	227	27	123	69	36	70	37	16	5	12	24	129	65	115	0	34	34	1	12	63	37	2	65	0	13	58	61	38	2	12	37	21	24	30	7	0	25	44	0	55	6	3	40	3	13	0	26	41	20	20	11	6	79	93	16	52	4	33	43	11	32	20	0	7	63	13	0	33	41	2	2	10	1	9	28	4	10	0	17	11	1	4	8	24	45	5	19	5	0	12	5	33	0
95	2832	51	393	301	93	183	187	114	92	45	13	20	30	57	78	86	37	15	124	80	55	44	50	34	120	0	5	4	38	19	44	117	20	33	2	0	8	1	35	2	0	0	3	30	142	29	30	44	6	32	28	38	0	13	54	19	11	0	7	19	41	1	22	27	0	11	25	97	10	12	18	57	30	6	6	2	14	0	51	4	73	29	10	11	34	5	12	40	4	32	6	26	26	4	0	19	0	19	0	6	7	31	8	14	30
96	2567	395	200	213	220	100	286	226	52	16	6	131	8	0	226	0	46	25	59	44	58	182	22	28	85	22	5	19	54	52	70	37	41	101	24	23	33	19	24	0	47	3	35	23	19	15	70	15	53	23	11	20	4	7	44	16	4	1	0	3	19	61	45	1	11	12	7	8	29	0	14	54	3	20	0	3	32	0	24	5	0	0	42	52	8	2	20	15	4	24	26	3	7	5	6	17	2	7	0	0	0	46	44	23	14
97	2707	350	321	183	170	94	52	157	97	151	162	90	21	104	14	0	29	9	7	79	73	33	27	23	54	0	48	14	21	36	40	44	28	13	25	2	17	0	131	33	0	29	110	0	23	46	34	26	17	29	59	13	1	26	7	42	13	43	2	0	38	17	94	9	61	3	20	20	11	5	25	16	8	10	62	27	42	27	5	1	0	28	8	9	2	1	27	0	23	1	22	57	6	0	59	2	3	4	1	4	5	0	50	37	18
98	2635	351	141	109	186	199	6	9	117	150	35	54	200	49	116	88	23	0	54	122	13	72	79	12	20	27	57	8	5	12	32	7	47	14	159	46	78	30	32	30	21	28	6	49	0	17	38	44	8	66	47	26	1	18	35	39	62	0	62	7	9	6	0	2	24	46	11	2	2	0	14	2	0	22	27	6	4	26	24	13	20	0	0	2	2	6	159	15	0	4	34	50	12	46	22	24	26	25	9	16	38	1	11	87	0
99	2525	522	74	211	0	165	240	92	149	38	142	50	6	98	1	16	31	49	33	11	78	85	1	34	154	37	7	22	31	104	41	173	104	0	0	0	52	3	100	61	2	9	23	27	0	0	38	49	29	45	40	35	1	44	27	6	12	27	70	29	0	30	0	26	11	42	9	0	54	15	4	1	9	49	9	5	34	14	0	9	16	2	3	51	29	3	29	2	24	31	4	18	13	10	47	24	14	5	37	49	15	5	3	2	37
100	2579	317	198	68	294	187	297	215	53	194	167	105	150	51	2	48	37	63	24	30	35	22	65	14	48	87	0	52	5	16	71	24	37	31	14	8	15	32	13	28	0	25	31	9	12	1	34	6	103	55	6	1	22	63	8	19	29	62	59	4	14	2	0	5	0	3	0	21	26	2	17	2	39	5	1	20	0	38	24	23	5	12	27	11	6	4	73	0	12	0	16	8	0	45	6	24	18	26	23	0	1	3	0	40	0
